Parameter containing:
tensor([[[[ 5.1694e-04,  2.8289e-02,  3.3418e-02],
          [-3.4750e-02,  1.7569e-02,  3.7228e-02],
          [-9.7565e-03, -2.7138e-02, -4.1215e-02]],

         [[-9.2372e-03,  8.1988e-03, -6.4536e-03],
          [ 4.9303e-02,  4.3789e-02,  2.5917e-04],
          [ 3.8343e-03,  5.0582e-02,  7.5490e-04]],

         [[-5.8960e-02, -5.1122e-02,  1.7099e-02],
          [-3.9945e-02, -6.6761e-03,  2.8646e-02],
          [-3.4890e-02,  1.3687e-02,  3.5102e-02]],

         ...,

         [[-3.7071e-02,  1.5688e-02,  3.3519e-04],
          [ 3.1805e-04,  3.0948e-03,  1.2066e-02],
          [-2.7296e-02,  1.8730e-02, -2.8835e-02]],

         [[ 2.1637e-02, -1.7442e-02, -2.6866e-02],
          [ 3.6205e-02, -1.1741e-02, -6.5278e-03],
          [ 1.1546e-02,  1.5496e-02, -3.3248e-02]],

         [[-2.7399e-02,  3.4984e-02,  1.5537e-02],
          [-1.4922e-02,  2.1230e-03, -8.7092e-03],
          [ 3.1713e-02,  2.2317e-03,  2.8230e-02]]],


        [[[ 3.9322e-02,  2.4645e-02,  2.1330e-02],
          [ 3.6717e-02,  2.4070e-02,  3.8847e-02],
          [ 5.5227e-03, -3.7001e-02, -2.3087e-02]],

         [[ 6.4940e-02,  3.3041e-03,  1.4915e-02],
          [ 5.4652e-02,  6.9236e-02,  5.2702e-02],
          [ 5.3318e-02,  6.9917e-02,  4.6753e-02]],

         [[-1.5636e-02, -8.3691e-02, -1.3735e-02],
          [-2.0406e-02,  2.1296e-02,  3.9294e-02],
          [ 5.2563e-02,  5.9672e-02,  8.2142e-02]],

         ...,

         [[ 2.5449e-02, -1.9110e-02,  5.7604e-02],
          [ 6.4946e-02,  1.5844e-02,  1.3198e-02],
          [-8.9199e-03,  7.8012e-03,  9.2295e-03]],

         [[-2.5534e-02, -3.2307e-02, -2.0374e-02],
          [ 5.7510e-02, -3.4496e-02,  1.9077e-02],
          [-8.5370e-03,  3.9950e-02, -1.5980e-02]],

         [[ 2.1316e-02, -5.2728e-02,  8.2231e-03],
          [ 4.2638e-02,  1.4523e-02,  4.8365e-03],
          [ 4.2453e-05, -1.3650e-02, -3.9067e-02]]],


        [[[ 8.5772e-03, -9.9817e-03,  1.3706e-02],
          [ 3.7999e-02,  7.4364e-03, -2.4611e-03],
          [ 2.3607e-03, -1.1640e-02,  1.8927e-02]],

         [[ 7.8315e-02,  8.3531e-02,  1.1142e-01],
          [ 2.3988e-02, -2.0930e-02, -9.4362e-03],
          [-8.3061e-02, -4.2060e-02, -5.4782e-02]],

         [[ 3.7095e-02,  1.1853e-01,  9.9536e-02],
          [ 2.7965e-03,  4.2341e-02,  2.3474e-02],
          [-1.2352e-01, -1.0445e-01, -6.7486e-02]],

         ...,

         [[ 5.1037e-02,  6.6414e-02,  2.1500e-02],
          [ 2.5059e-02, -2.2186e-02,  2.2157e-02],
          [-4.2501e-02, -2.8820e-02, -2.1552e-02]],

         [[ 2.4607e-02,  5.9263e-02,  4.2034e-02],
          [-1.0420e-03, -4.2637e-02, -1.8756e-03],
          [-5.9656e-02, -3.7559e-03, -2.3610e-02]],

         [[ 3.5281e-02,  6.3633e-02,  1.4753e-02],
          [ 1.5079e-03, -2.5176e-02, -2.6922e-02],
          [-2.6345e-02, -3.9640e-02, -5.4838e-03]]],


        ...,


        [[[-8.5591e-03,  1.0295e-02, -4.1820e-03],
          [-3.8836e-03,  3.1801e-02, -7.2786e-03],
          [ 4.7700e-03,  7.9432e-03,  2.0066e-03]],

         [[-1.2262e-01, -5.6711e-02, -1.2501e-01],
          [-1.0292e-01, -4.4976e-02, -4.4688e-02],
          [-1.2832e-02,  1.0174e-02, -7.0545e-02]],

         [[-8.6561e-02, -7.6168e-02, -2.6653e-02],
          [ 4.2689e-02,  1.0215e-01,  3.8770e-03],
          [ 3.4584e-02,  1.4145e-01,  8.5966e-02]],

         ...,

         [[ 1.3715e-02,  2.1672e-02, -3.2582e-02],
          [-2.2517e-02, -2.3940e-02,  2.7854e-02],
          [ 2.7310e-02,  1.5426e-02, -6.1090e-03]],

         [[-1.3952e-02, -1.0509e-02,  1.2179e-02],
          [ 1.0919e-02, -1.5884e-02,  4.2182e-03],
          [-9.2513e-03,  9.3943e-03, -4.9952e-02]],

         [[-4.3495e-02,  3.5396e-03, -3.1688e-02],
          [ 1.3069e-02,  5.6055e-04,  4.0856e-03],
          [-8.5337e-03, -5.2793e-03,  1.0811e-03]]],


        [[[ 1.1791e-02, -1.6418e-02,  2.2404e-02],
          [-1.8482e-02, -6.9053e-03,  4.5991e-03],
          [ 2.1190e-02,  3.4323e-02, -2.2441e-02]],

         [[ 4.6554e-02,  4.8910e-02, -5.0057e-02],
          [ 6.2380e-02, -9.1962e-03, -5.6377e-02],
          [ 6.1187e-02, -3.5729e-02, -9.7447e-02]],

         [[ 1.4349e-02, -4.3936e-03, -9.3083e-02],
          [ 1.7665e-02, -3.5283e-02, -4.4429e-02],
          [ 3.5083e-03, -1.1880e-02, -5.1663e-02]],

         ...,

         [[ 4.0279e-02, -7.5029e-02, -7.9148e-02],
          [ 3.1430e-02, -5.0190e-02, -1.1226e-01],
          [-4.4459e-02, -9.2113e-02, -1.0586e-01]],

         [[-9.8330e-03, -3.2946e-02, -5.8751e-02],
          [ 1.5457e-02, -3.7573e-02, -5.3408e-02],
          [-2.7621e-03, -2.2490e-02, -6.6728e-02]],

         [[-2.2135e-02, -6.6064e-02, -7.8185e-02],
          [ 1.3643e-02, -4.6619e-02, -5.1630e-02],
          [ 1.1299e-02, -1.6982e-02, -6.9720e-02]]],


        [[[-3.0142e-02,  8.5732e-03, -3.0330e-02],
          [ 6.8711e-03, -3.2154e-02,  9.2752e-04],
          [ 2.2341e-02,  3.5081e-02,  2.2576e-02]],

         [[ 3.3526e-03, -5.1289e-03, -1.5187e-02],
          [ 2.4069e-02, -1.6918e-02,  5.7096e-02],
          [-3.5767e-02,  3.0526e-02,  4.5815e-02]],

         [[ 2.5139e-02,  3.3733e-02, -2.9063e-02],
          [-4.7021e-02, -3.9200e-02,  3.5403e-03],
          [-3.7377e-02, -2.0103e-03,  5.4872e-02]],

         ...,

         [[ 3.0710e-02,  2.1077e-02,  2.3239e-02],
          [ 2.2961e-02, -1.5563e-02, -2.7730e-02],
          [-1.2730e-02,  5.2434e-03, -3.8106e-02]],

         [[ 1.0186e-01,  7.2938e-02,  6.4304e-02],
          [ 2.1303e-02, -6.2301e-03,  3.3399e-02],
          [ 5.3970e-02,  1.5605e-02,  4.1977e-03]],

         [[ 5.1937e-02,  1.0772e-01,  7.9053e-02],
          [ 9.8672e-02,  3.4586e-02, -3.1789e-03],
          [-1.0112e-02, -1.2513e-02, -9.4371e-03]]]], device='cuda:0',
       requires_grad=True) Parameter containing:
tensor([-0.0421,  0.0432, -0.0646, -0.0903,  0.0367,  0.0272, -0.0142,  0.1208,
        -0.0862,  0.0139,  0.1156,  0.0332, -0.0194,  0.0612, -0.0775, -0.0297,
         0.0035, -0.0724,  0.1404, -0.0794, -0.0609, -0.0247, -0.0093, -0.0280,
         0.1060,  0.0493, -0.0425,  0.0453,  0.0131,  0.0491, -0.1366, -0.0006,
         0.0359,  0.0443,  0.0229,  0.2201,  0.0086,  0.0492,  0.2257,  0.1235,
        -0.0403, -0.1274,  0.0322,  0.0754, -0.0328, -0.1427,  0.1037,  0.0003,
         0.0230,  0.0551,  0.0688,  0.0453, -0.1169,  0.1841,  0.0638, -0.0347,
        -0.0363,  0.1049,  0.0033,  0.1534,  0.1919,  0.0310, -0.1332, -0.0050,
         0.0060, -0.0487, -0.0735, -0.0017, -0.0860,  0.0179,  0.0367,  0.0239,
         0.1030,  0.0499,  0.0084,  0.1428, -0.0372,  0.0226,  0.0754,  0.0177,
         0.0596,  0.0011, -0.0835,  0.1046,  0.1249,  0.0007,  0.1013,  0.0106,
        -0.0220, -0.0148,  0.0303, -0.0111,  0.0004,  0.0390, -0.0370,  0.0232,
         0.1199, -0.0385,  0.1158,  0.1859,  0.0969, -0.0692,  0.0402, -0.0858,
        -0.0887,  0.1769,  0.0392, -0.0054,  0.0131, -0.0027,  0.0216, -0.0136,
         0.1234,  0.0603,  0.1939, -0.0733,  0.0536,  0.1396,  0.1017,  0.1989,
        -0.0593, -0.1084,  0.0210,  0.0156, -0.0033,  0.0229, -0.0875, -0.0114],
       device='cuda:0', requires_grad=True) Parameter containing:
tensor([0.9711, 0.8431, 1.2025, 0.8514, 1.0590, 0.8958, 0.6588, 0.8358, 1.0296,
        0.7670, 0.6426, 1.0123, 0.6242, 0.6886, 0.6449, 0.9351, 0.7155, 0.8474,
        0.8335, 0.8724, 0.6109, 0.8146, 1.0050, 0.8731, 0.7316, 0.7158, 0.8715,
        0.8082, 0.7527, 0.9077, 1.1654, 0.6163, 0.6248, 0.6712, 1.0685, 0.6883,
        0.9327, 0.8661, 0.7035, 0.8228, 0.5774, 0.7595, 0.6832, 0.7037, 0.6552,
        1.2846, 0.8629, 0.9541, 0.5985, 0.7744, 0.7199, 0.7712, 0.7684, 0.6716,
        0.9281, 1.1405, 0.9737, 0.7674, 0.6347, 0.6829, 0.6598, 0.6722, 0.6445,
        0.9477, 0.8128, 0.8363, 0.8594, 0.8657, 0.6381, 0.9608, 0.5850, 0.8088,
        0.7356, 1.0063, 0.8058, 0.5391, 0.9878, 1.1022, 0.7694, 1.0458, 0.6200,
        0.7161, 1.0236, 0.7313, 0.7780, 0.8756, 0.7114, 0.8021, 0.8344, 0.9348,
        0.8758, 0.7208, 1.0821, 0.5874, 1.0654, 0.8284, 0.8034, 0.8676, 0.7811,
        0.6231, 0.9275, 0.9603, 0.6519, 0.8270, 0.8932, 0.7532, 0.8480, 0.7432,
        0.6848, 0.7718, 0.7078, 0.7254, 0.8615, 0.8252, 0.7721, 0.7306, 0.6103,
        0.6073, 0.8646, 0.6419, 0.8290, 0.7832, 0.6823, 0.7341, 0.7811, 0.7874,
        0.6090, 0.6757], device='cuda:0', requires_grad=True) Parameter containing:
tensor([-0.1489,  0.0455,  0.1482,  0.1676, -0.1073, -0.2181,  0.0967, -0.2861,
        -0.0239,  0.3926, -0.1793,  0.1829, -0.0286, -0.2614,  0.2145,  0.0493,
        -0.3001,  0.0920, -0.3621, -0.0717,  0.0570,  0.3967, -0.1001,  0.1056,
         0.0958, -0.1431,  0.1288, -0.1145,  0.1833, -0.2741,  0.0344, -0.0660,
        -0.0365, -0.0805, -0.0764, -0.3685, -0.0425,  0.4741, -0.4926, -0.4529,
        -0.1848, -0.2334,  0.1621, -0.2108,  0.1177,  0.1841, -0.1834, -0.0179,
        -0.0078, -0.1445, -0.1490, -0.2869, -0.0577, -0.1542, -0.2139,  0.1010,
        -0.2197, -0.1957, -0.1728, -0.4723, -0.2344, -0.1841, -0.2550,  0.0561,
        -0.0645,  0.1506,  0.0809,  0.1916, -0.2174,  0.0844, -0.3094,  0.0843,
        -0.4790,  0.1653, -0.0209, -0.4150, -0.0006,  0.2358, -0.4496, -0.1300,
        -0.1117, -0.0264, -0.1070, -0.0005, -0.1368, -0.1695, -0.4177,  0.0073,
         0.0587,  0.1618,  0.1183,  0.0510, -0.1357, -0.1772, -0.1414, -0.0783,
        -0.4322,  0.0536, -0.4136, -0.4610, -0.0719,  0.0725,  0.0451,  0.2670,
         0.0289, -0.4314, -0.1074, -0.2337, -0.1256,  0.3054,  0.0676, -0.2347,
        -0.1890,  0.0557, -0.4851, -0.1474,  0.0480, -0.4157, -0.3524, -0.3618,
        -0.1272, -0.1662, -0.0941, -0.0925, -0.0706, -0.1254, -0.1686, -0.1080],
       device='cuda:0', requires_grad=True) Parameter containing:
tensor([[[[-2.5157e-02,  2.1018e-02, -6.6891e-02],
          [ 1.3655e-01,  1.9276e-01,  1.5644e-01],
          [ 7.4432e-02,  1.3599e-01,  7.4904e-02]],

         [[-4.6038e-03,  2.1603e-02, -2.0739e-02],
          [-2.3916e-02, -3.8120e-03, -2.2387e-03],
          [-4.8683e-02, -5.3815e-03, -5.2123e-02]],

         [[ 2.1260e-02,  4.0016e-02,  3.9168e-02],
          [ 3.6746e-03,  8.6752e-03,  5.2023e-02],
          [ 3.5547e-03,  3.7924e-02,  4.2522e-02]],

         ...,

         [[ 2.5699e-03,  4.4578e-02, -2.7221e-02],
          [ 3.7554e-02, -8.6433e-03,  1.4984e-02],
          [ 1.7765e-02, -3.0736e-02, -2.1787e-02]],

         [[-2.5305e-02,  7.4943e-03,  8.0762e-03],
          [-2.8336e-02, -6.5583e-02, -1.5868e-02],
          [-4.9322e-02, -4.3987e-02, -2.3461e-02]],

         [[-8.0277e-04,  3.2611e-03, -2.4640e-02],
          [ 1.4293e-02,  9.4217e-04, -1.0298e-02],
          [ 9.5683e-03,  6.1925e-03, -2.7164e-02]]],


        [[[-5.5596e-02,  2.0333e-02,  3.9286e-02],
          [-1.3153e-02,  5.0807e-02,  5.5570e-02],
          [-6.8897e-02, -8.1702e-03,  2.7878e-02]],

         [[ 3.8693e-03,  3.7818e-03, -2.6598e-02],
          [ 1.6854e-02,  5.5524e-02,  2.0378e-02],
          [ 1.7008e-02,  5.0474e-03, -2.0736e-03]],

         [[-1.1308e-01,  1.4118e-02, -5.8523e-02],
          [ 1.7663e-02,  3.7967e-02,  6.0543e-02],
          [ 4.2809e-02,  5.1137e-02,  5.0617e-02]],

         ...,

         [[-3.4728e-02, -4.8205e-02, -8.5196e-02],
          [ 2.5718e-03,  1.1449e-02, -2.7171e-02],
          [ 1.8771e-02, -2.8591e-02, -3.8284e-02]],

         [[-8.4985e-02, -9.2593e-02, -8.8726e-02],
          [-2.5407e-02, -8.6580e-03, -1.8479e-03],
          [-2.1668e-02, -9.1232e-03, -1.6124e-02]],

         [[-5.6035e-03,  5.3377e-02,  2.2053e-02],
          [ 6.0758e-03,  8.2276e-03,  1.9861e-02],
          [ 5.1873e-02,  3.3687e-03, -4.2265e-02]]],


        [[[ 9.1952e-03,  3.0123e-03, -9.7581e-03],
          [ 1.0568e-02,  1.5006e-02, -8.0380e-03],
          [ 5.8477e-03, -2.9410e-03, -2.7593e-02]],

         [[-3.1279e-04,  1.5803e-02, -1.5106e-02],
          [ 1.7516e-02, -9.1084e-03, -4.7490e-02],
          [-2.7139e-02,  3.2588e-03,  2.8400e-02]],

         [[ 6.9980e-02, -5.2837e-02, -1.6115e-01],
          [-3.8000e-02, -1.6212e-01, -7.1752e-02],
          [-1.0179e-01, -3.3286e-02,  1.0527e-01]],

         ...,

         [[-4.1492e-02, -1.0638e-02, -3.1347e-02],
          [-6.0859e-02,  1.2606e-02, -3.7077e-02],
          [-4.1146e-03,  5.0494e-02,  7.6936e-03]],

         [[-1.3401e-02, -4.1043e-02,  2.1221e-03],
          [-8.1407e-03, -5.0814e-02,  5.3816e-03],
          [-1.2562e-02, -4.6528e-02, -1.2866e-02]],

         [[ 7.4452e-02, -1.1377e-02, -8.5997e-03],
          [ 6.2807e-03, -3.4062e-03,  1.3997e-02],
          [-3.8169e-03,  3.0739e-02,  1.8171e-03]]],


        ...,


        [[[-5.7209e-04, -3.0132e-02,  5.5460e-02],
          [-2.5313e-02, -2.6209e-02,  1.7931e-02],
          [-1.8376e-02, -3.3460e-02,  4.8734e-02]],

         [[ 5.6149e-02,  1.8695e-02,  3.1155e-02],
          [-2.8496e-02, -7.8809e-02, -4.4932e-02],
          [ 2.0608e-02, -2.6975e-02,  5.8078e-03]],

         [[ 4.6409e-02,  2.0857e-02,  6.3671e-02],
          [-9.3960e-02, -1.4604e-01, -7.7248e-02],
          [-1.6947e-01, -1.5230e-01, -1.2846e-01]],

         ...,

         [[ 7.2182e-03,  1.4001e-02,  3.1026e-02],
          [-5.5956e-02, -7.6734e-02, -3.5525e-02],
          [-3.7476e-02, -3.4396e-02,  1.9027e-02]],

         [[ 6.8487e-02,  3.2645e-02,  4.5877e-02],
          [ 1.7302e-02,  2.2090e-02,  5.0733e-02],
          [ 4.0607e-02, -2.2668e-02,  7.8953e-02]],

         [[-8.5239e-03, -6.2909e-03, -2.1115e-03],
          [-7.2929e-02, -2.7364e-02, -3.0931e-02],
          [-2.6139e-02, -2.4959e-02,  8.3728e-03]]],


        [[[ 1.7818e-02,  1.3129e-02, -1.4997e-02],
          [-4.7299e-02, -4.6461e-02, -4.6346e-03],
          [-4.4600e-03, -2.4379e-03, -1.9582e-02]],

         [[ 1.5315e-02, -7.1863e-02,  1.2723e-02],
          [-9.0432e-03, -1.0409e-01,  7.3729e-03],
          [-4.0651e-02, -8.5638e-02, -1.6631e-02]],

         [[ 6.2857e-02,  2.6600e-02,  2.0587e-02],
          [-4.5318e-02, -8.8625e-02, -3.9867e-02],
          [-1.3267e-01, -1.5850e-01, -1.0774e-01]],

         ...,

         [[-1.9243e-02, -1.7893e-02, -2.1840e-03],
          [-2.9446e-03, -2.2895e-02,  5.8620e-03],
          [ 3.2358e-02, -1.2532e-02, -2.8882e-02]],

         [[-1.0295e-02, -1.1948e-03, -8.9546e-02],
          [ 1.6362e-02, -4.1399e-02, -2.1764e-02],
          [ 1.9592e-02, -9.4049e-03, -1.1530e-02]],

         [[-3.6623e-02, -9.7507e-02, -1.1183e-01],
          [-1.1395e-01, -1.7398e-01, -1.5469e-01],
          [-1.0788e-01, -1.5880e-01, -1.7522e-01]]],


        [[[-3.3213e-03,  5.5801e-02,  3.6780e-02],
          [-2.5800e-02,  2.8466e-02,  3.4091e-02],
          [-5.2490e-02,  4.8035e-02,  7.0361e-02]],

         [[ 6.6288e-02,  7.0515e-03, -1.3995e-02],
          [ 3.2208e-02,  6.7016e-02,  3.5891e-02],
          [ 2.8406e-02,  5.3539e-02,  1.7967e-02]],

         [[ 7.7423e-04, -4.3178e-02, -1.6184e-02],
          [-5.9545e-03, -6.5164e-02, -6.0111e-02],
          [-1.6025e-01, -2.1353e-01, -2.4496e-01]],

         ...,

         [[-3.1181e-02, -5.9596e-04, -8.2893e-05],
          [-1.0556e-02,  4.2213e-02,  2.6753e-02],
          [ 3.8444e-02,  6.9656e-02,  5.3067e-02]],

         [[ 8.9711e-04,  4.1695e-02,  1.4634e-02],
          [ 4.3378e-02,  4.5589e-02,  3.2088e-02],
          [ 3.9910e-02,  2.8738e-02,  5.1820e-02]],

         [[ 3.2084e-02,  4.3141e-02,  3.0133e-02],
          [ 5.4553e-02,  1.9960e-02,  1.4026e-02],
          [ 6.0170e-02,  4.7287e-03,  1.7473e-02]]]], device='cuda:0',
       requires_grad=True) Parameter containing:
tensor([ 4.7104e-02,  5.9280e-02,  3.8828e-03,  6.1086e-02,  2.9303e-02,
        -1.5335e-02, -1.5260e-02, -2.1209e-03,  5.1213e-02,  1.7728e-02,
         2.9783e-02,  1.9164e-02,  3.7970e-02, -7.3863e-02,  1.1133e-02,
         1.5338e-02,  1.0109e-02,  2.7882e-02,  2.0242e-02, -2.1688e-02,
        -2.4664e-02,  4.7261e-03,  7.1137e-02,  2.0582e-03, -8.1738e-03,
         1.7832e-02, -6.1708e-04, -1.5326e-02, -5.1619e-04,  3.1778e-02,
         2.5247e-02,  2.2554e-02,  3.7738e-03, -4.7989e-02,  6.9342e-02,
         3.2248e-02,  1.9674e-02, -3.7268e-02,  2.1280e-02,  2.8364e-03,
        -1.0994e-02, -2.8007e-03, -1.8022e-02, -1.4280e-02,  4.5102e-02,
        -7.0613e-03,  2.8573e-02,  1.8394e-02, -8.2944e-03,  5.9218e-02,
         3.7968e-03,  2.7710e-02, -2.2925e-02,  2.9083e-02, -5.4684e-02,
         3.3750e-02, -4.0348e-02,  3.8803e-02,  1.4833e-02,  2.3904e-02,
         1.7905e-02,  4.1245e-02,  5.1607e-03, -4.8903e-02,  1.2980e-02,
         1.8718e-02, -3.9458e-03, -8.1754e-05,  4.4056e-02, -4.9893e-02,
        -3.3158e-02, -1.5538e-02, -3.2445e-02,  2.1654e-02,  5.6942e-03,
        -1.0465e-02,  2.1595e-02, -1.5809e-04,  1.8374e-02,  1.2669e-02,
        -5.2191e-03,  1.8106e-02,  3.7402e-02,  2.1938e-02,  3.9436e-03,
        -8.1907e-03, -3.6049e-02, -3.0723e-02,  1.1061e-02,  8.2507e-03,
         5.2855e-02, -3.1769e-02,  2.4193e-02,  3.0933e-02, -6.3136e-03,
        -2.8458e-02, -7.6493e-02,  3.5807e-02,  6.8054e-02, -2.7933e-02,
         6.3264e-03, -1.3493e-02, -6.0776e-03,  2.1896e-02,  5.7719e-02,
         3.0847e-03, -6.2669e-03,  4.5483e-02,  1.2187e-02,  5.3457e-02,
        -1.9779e-02, -3.9872e-02,  5.0446e-02,  1.3676e-02, -2.5666e-02,
         4.7391e-02, -7.1367e-03,  9.7839e-03, -5.4762e-02,  4.1749e-02,
         6.4672e-03,  2.2627e-02,  3.9862e-02,  8.6954e-03,  3.8912e-02,
        -2.2613e-02,  4.1040e-02,  2.4302e-02,  2.2243e-02,  4.3381e-03,
         1.4628e-02, -6.9501e-02, -3.0284e-03,  1.2185e-02, -2.4866e-02,
         3.7863e-02, -1.8358e-02, -1.2758e-02,  1.4393e-02, -1.1324e-02,
         2.6704e-02,  3.3422e-02,  7.6953e-03,  4.1531e-02,  2.2243e-02,
        -9.1080e-03,  1.5845e-02, -2.2977e-02, -1.0391e-02, -4.3381e-02,
         3.8302e-02,  5.7289e-02, -5.5119e-02,  9.8904e-04,  2.3968e-02,
        -2.1023e-02, -2.8172e-02, -3.2210e-02,  1.9627e-02,  3.1949e-02,
         3.2105e-03, -1.6930e-03, -3.7608e-02,  1.9472e-02,  3.6428e-02,
         5.8928e-03,  1.1178e-02, -8.6020e-03, -3.6437e-02, -3.7919e-02,
         3.8757e-02,  4.9402e-02,  3.1046e-02,  1.6843e-02,  1.9307e-02,
         3.7187e-03, -3.7082e-03, -6.7314e-03, -7.2154e-03,  8.7635e-03,
         5.8760e-02, -9.1359e-03,  4.9855e-03, -2.8264e-02,  2.0234e-02,
         2.7733e-02,  2.7748e-02, -9.1099e-03,  2.5351e-03,  1.7862e-02,
         4.9296e-02,  2.1114e-02, -1.0296e-02,  4.5795e-02, -1.7891e-02,
        -1.2510e-01,  1.8323e-02,  5.0732e-02,  2.1412e-02,  2.0717e-02,
         4.3988e-02,  4.8773e-02, -1.3362e-02, -5.0789e-03,  2.0703e-02,
        -3.8874e-02,  7.0867e-02, -5.8230e-02,  4.6374e-02, -1.4296e-02,
        -1.2347e-02, -4.3053e-02, -6.8730e-03,  1.4138e-02,  1.0785e-02,
         3.3459e-02,  2.0999e-03, -2.9624e-02,  4.5820e-02,  3.9393e-02,
         4.1932e-02, -6.9177e-04,  3.6572e-02,  3.2043e-02, -3.7163e-02,
         1.6894e-02, -7.4236e-03, -3.9968e-02,  1.5666e-02, -4.7850e-03,
        -1.7653e-02, -2.0537e-03,  2.3885e-02,  3.3391e-02,  1.2890e-02,
        -3.7174e-03,  3.9330e-02, -8.2372e-03, -9.1386e-04,  3.8592e-02,
         2.7011e-02, -1.1376e-02,  9.1797e-03,  8.1280e-03,  9.4732e-03,
         4.4877e-02,  3.2322e-02,  1.1134e-02,  4.3718e-02,  2.4895e-02,
         2.7368e-02, -1.4885e-02,  1.6429e-02,  1.8594e-02,  4.2314e-02,
        -4.2810e-02], device='cuda:0', requires_grad=True) Parameter containing:
tensor([0.8393, 0.8398, 1.0266, 0.8010, 0.8074, 0.9915, 0.9732, 0.9703, 0.7332,
        0.8477, 0.8689, 0.9126, 0.8411, 0.7504, 0.8163, 0.8750, 0.8906, 0.9100,
        1.0340, 0.9104, 0.7502, 1.0502, 0.7595, 0.8010, 0.9445, 0.8333, 1.0491,
        0.9642, 0.8762, 0.8551, 0.9076, 0.8910, 1.1223, 0.7889, 0.8839, 0.7937,
        0.8492, 1.1463, 0.8227, 0.8041, 0.8803, 1.0547, 1.0387, 0.8736, 0.8929,
        1.0132, 0.8530, 0.8326, 0.8693, 0.8176, 0.8604, 0.8760, 0.8473, 0.8663,
        1.0726, 0.8541, 0.9790, 0.8247, 0.8192, 0.9068, 0.8775, 0.9093, 0.8679,
        0.7991, 0.8995, 0.9983, 1.0137, 1.2275, 0.8688, 1.3257, 1.0268, 0.9113,
        0.9223, 0.7636, 0.9398, 0.9491, 0.8047, 0.8278, 0.8529, 0.8159, 0.8167,
        0.9244, 0.8934, 0.8672, 0.9114, 1.0170, 0.9415, 1.0395, 0.8813, 1.0355,
        0.8370, 0.8839, 0.9071, 0.8432, 0.8982, 0.9345, 0.8092, 0.8262, 0.8505,
        0.7950, 0.9035, 1.0200, 0.8827, 0.8159, 0.8662, 0.8689, 1.0959, 0.8564,
        0.8870, 0.8285, 0.9037, 1.0184, 0.7849, 0.8841, 0.7310, 0.8265, 0.9198,
        0.8951, 0.8433, 0.8611, 1.0072, 0.9754, 0.8681, 0.8041, 0.8182, 0.6819,
        0.8493, 0.8926, 0.7973, 0.9287, 0.7717, 0.8974, 0.9967, 0.7945, 0.9302,
        0.7593, 1.1670, 1.0132, 0.8047, 0.8856, 0.8217, 0.8871, 1.1235, 0.9021,
        0.8675, 0.9796, 0.9038, 0.8490, 0.8989, 0.9896, 0.8749, 0.8345, 0.7662,
        0.8665, 0.8521, 0.8347, 1.0351, 0.9261, 0.9074, 0.8898, 0.9658, 0.7752,
        1.0805, 0.8460, 0.8243, 0.9864, 0.7983, 1.0537, 1.0176, 0.8413, 0.8795,
        0.8653, 0.9685, 0.8548, 0.8197, 0.7709, 0.9148, 0.8551, 0.9309, 0.7842,
        0.8240, 0.8275, 0.7875, 1.1921, 0.8334, 1.2053, 0.9367, 0.8126, 0.8914,
        0.9378, 0.8657, 0.8992, 0.9354, 0.8390, 0.9829, 0.7391, 0.8322, 0.8178,
        0.8649, 0.9095, 0.8444, 0.8323, 1.0825, 0.9065, 0.8259, 0.7371, 0.8351,
        1.3756, 0.8429, 0.9784, 0.9366, 1.1016, 0.9035, 1.0826, 1.0288, 0.7956,
        0.8806, 1.0285, 0.8481, 0.9437, 0.8028, 0.8523, 0.8511, 0.8952, 1.1310,
        0.8284, 0.9253, 0.7821, 0.8953, 1.1802, 0.9283, 0.9192, 0.9317, 0.8133,
        0.8072, 1.0372, 0.9199, 0.8711, 0.9083, 0.9634, 0.9315, 0.9109, 0.8448,
        0.8258, 0.8901, 0.9803, 0.7986, 0.9475, 0.9096, 0.8792, 0.8336, 1.2247,
        0.8683, 0.8527, 0.8910, 0.7562], device='cuda:0', requires_grad=True) Parameter containing:
tensor([-0.3205, -0.3455, -0.2934, -0.3285, -0.3426, -0.3464, -0.2170, -0.1758,
        -0.4329, -0.3597, -0.4075, -0.2404, -0.3226, -0.3563, -0.2356, -0.3200,
        -0.3822, -0.3344, -0.2591, -0.2288, -0.3754, -0.3778, -0.3725, -0.2751,
        -0.3046, -0.2277, -0.0418, -0.4256, -0.3375, -0.3004, -0.2037, -0.3087,
        -0.3087, -0.4404, -0.1222, -0.3977, -0.1774, -0.1208, -0.3854, -0.3988,
        -0.3138, -0.2722, -0.3220, -0.3197, -0.2222, -0.2894, -0.3455, -0.3246,
        -0.2726, -0.3103, -0.3930, -0.2086, -0.2803, -0.2088, -0.2229, -0.2970,
        -0.2203, -0.2764, -0.3082, -0.4410, -0.2036, -0.1871, -0.3151, -0.3193,
        -0.2853, -0.0203, -0.3121, -0.2788, -0.2320, -0.1935, -0.1608, -0.2976,
        -0.4049, -0.4376, -0.3301, -0.3106, -0.2771, -0.3525, -0.1947, -0.2900,
        -0.3201, -0.2849, -0.1984, -0.3412, -0.2991, -0.0504, -0.1883, -0.3166,
        -0.2867, -0.3516, -0.3600, -0.2480, -0.2753, -0.2992, -0.2708, -0.3217,
        -0.4032, -0.3159, -0.2112, -0.4102, -0.1980, -0.1569, -0.2818, -0.2919,
        -0.2622, -0.2494, -0.2608, -0.1873, -0.1761, -0.3691, -0.2171, -0.4036,
        -0.3744, -0.3517, -0.3954, -0.3462, -0.1746, -0.2813, -0.5076, -0.2898,
        -0.2886, -0.2510, -0.2364, -0.3143, -0.2725, -0.4365, -0.2601, -0.3353,
        -0.3109, -0.1471, -0.3212, -0.2128, -0.0482, -0.3474, -0.2006, -0.3448,
        -0.2138, -0.2886, -0.2864, -0.2651, -0.3990, -0.1798, -0.3262, -0.2383,
        -0.2457, -0.3197, -0.2518, -0.3860, -0.2243, -0.3180, -0.3103, -0.3026,
        -0.4196, -0.3271, -0.2476, -0.3751, -0.3738, -0.3385, -0.1360, -0.3100,
        -0.3254, -0.3038, -0.0525, -0.2829, -0.3042, -0.1334, -0.3625, -0.3597,
        -0.3639, -0.3571, -0.3916, -0.2924, -0.3121, -0.1856, -0.2647, -0.4066,
        -0.2597, -0.4117, -0.2696, -0.2505, -0.3298, -0.2333, -0.3691, -0.3110,
        -0.2398,  0.0149, -0.2763, -0.2848, -0.2040, -0.1441, -0.3339, -0.1984,
        -0.1100, -0.2820, -0.2775, -0.4382, -0.3185, -0.3639, -0.2576, -0.4902,
        -0.2969, -0.3061, -0.2707, -0.4651, -0.3750, -0.4289, -0.3452, -0.3071,
        -0.1822, -0.2211, -0.3861, -0.2934, -0.2310, -0.3037, -0.3882, -0.2880,
        -0.2281, -0.3533, -0.2446, -0.1226, -0.3245, -0.2011, -0.1811, -0.2463,
        -0.2232, -0.3521, -0.2358, -0.3746, -0.2150, -0.3177, -0.2271, -0.2816,
        -0.3457, -0.3159, -0.2942, -0.2383, -0.2449, -0.3293, -0.2787, -0.1046,
        -0.2057, -0.1385, -0.2862, -0.2523, -0.3215, -0.3253, -0.3085, -0.2854,
        -0.2348, -0.2047, -0.2117, -0.3065, -0.3250, -0.1120, -0.2152, -0.4052],
       device='cuda:0', requires_grad=True) Parameter containing:
tensor([[[[-0.0240,  0.0417,  0.0709],
          [ 0.0179, -0.0172,  0.0296],
          [ 0.0357, -0.0121,  0.0324]],

         [[-0.0112, -0.0456, -0.0489],
          [-0.0120,  0.0089,  0.0096],
          [ 0.0555,  0.0495,  0.0252]],

         [[-0.0201, -0.0199,  0.0626],
          [-0.0802, -0.1412, -0.0825],
          [ 0.0830,  0.0270, -0.0297]],

         ...,

         [[ 0.0158, -0.0011,  0.0035],
          [ 0.0717,  0.0427,  0.0535],
          [ 0.0498,  0.0886,  0.0910]],

         [[-0.0820, -0.0063, -0.0153],
          [-0.0283,  0.0076,  0.0214],
          [ 0.0488,  0.0554,  0.0619]],

         [[ 0.0070,  0.1063,  0.1092],
          [-0.0393, -0.0096,  0.0082],
          [-0.0256,  0.0045,  0.0459]]],


        [[[ 0.1521,  0.1241,  0.0952],
          [ 0.0620,  0.0205,  0.0498],
          [-0.0499, -0.0822, -0.0302]],

         [[ 0.0234,  0.0271,  0.0180],
          [ 0.0633,  0.0582,  0.0876],
          [ 0.0699,  0.0181,  0.0345]],

         [[-0.0324,  0.0075, -0.0013],
          [ 0.0328,  0.0628,  0.0504],
          [-0.0063,  0.0474,  0.0119]],

         ...,

         [[-0.0250,  0.0252, -0.0075],
          [-0.0342, -0.0129, -0.0242],
          [-0.0451, -0.0101, -0.0403]],

         [[ 0.0967,  0.0589, -0.0362],
          [ 0.1102,  0.0071, -0.0703],
          [ 0.0420, -0.0117, -0.0278]],

         [[-0.0018, -0.0455, -0.0728],
          [-0.0538, -0.0815, -0.1236],
          [ 0.0034, -0.0133, -0.0561]]],


        [[[-0.0153, -0.0209, -0.0044],
          [ 0.0064, -0.0425, -0.0243],
          [ 0.0587,  0.0197, -0.0039]],

         [[-0.0176, -0.0223, -0.0825],
          [-0.0074, -0.0302,  0.0055],
          [ 0.0179, -0.0155, -0.0045]],

         [[-0.0535,  0.0246,  0.0484],
          [-0.0500,  0.0387,  0.0860],
          [-0.0117,  0.0183,  0.0217]],

         ...,

         [[-0.0603, -0.0119, -0.0147],
          [-0.0152,  0.0458, -0.0420],
          [-0.0182,  0.0512,  0.0061]],

         [[ 0.0353, -0.0089,  0.0115],
          [ 0.0424,  0.0224,  0.0581],
          [-0.0148,  0.0195,  0.0321]],

         [[ 0.0868, -0.0085,  0.0171],
          [ 0.0729,  0.0314,  0.0471],
          [ 0.0562,  0.0435, -0.0188]]],


        ...,


        [[[ 0.0028,  0.0061, -0.0053],
          [ 0.0195, -0.0226, -0.0284],
          [ 0.0021, -0.0358,  0.0031]],

         [[ 0.0221, -0.0364,  0.0179],
          [ 0.0415,  0.0285,  0.0324],
          [-0.1153, -0.0570,  0.0360]],

         [[ 0.0020,  0.1361,  0.1304],
          [ 0.0841,  0.1359,  0.0348],
          [-0.0368, -0.0057,  0.0125]],

         ...,

         [[ 0.0392,  0.0111, -0.0532],
          [-0.0654, -0.0756, -0.1026],
          [-0.0040, -0.0171, -0.0513]],

         [[ 0.0923,  0.0318,  0.0329],
          [-0.0051, -0.0860, -0.0674],
          [ 0.0153, -0.0402, -0.0220]],

         [[ 0.0333,  0.0221,  0.0346],
          [-0.0900, -0.1273, -0.0700],
          [-0.0332,  0.0189,  0.0580]]],


        [[[ 0.0166, -0.0260, -0.0123],
          [ 0.0608, -0.0074,  0.0114],
          [ 0.0658,  0.0194, -0.0002]],

         [[-0.0134, -0.0134,  0.0113],
          [-0.0376, -0.0190,  0.0300],
          [-0.0454, -0.0199,  0.0365]],

         [[-0.0237,  0.0928,  0.0519],
          [ 0.0499,  0.0753, -0.0339],
          [ 0.0757,  0.0466, -0.0441]],

         ...,

         [[-0.0806,  0.0483,  0.0765],
          [-0.1398, -0.0403,  0.0625],
          [-0.1696, -0.0666,  0.0605]],

         [[-0.0533, -0.0132,  0.0575],
          [-0.0839, -0.0316,  0.0589],
          [-0.0654, -0.0663,  0.0500]],

         [[ 0.0265, -0.0865, -0.1000],
          [ 0.0268, -0.0628, -0.0737],
          [ 0.0519,  0.0131, -0.0158]]],


        [[[-0.0002, -0.0152,  0.0232],
          [-0.0213, -0.0839, -0.0119],
          [-0.0435, -0.1060, -0.0573]],

         [[-0.0099,  0.0142,  0.1583],
          [-0.0139, -0.0002,  0.0942],
          [-0.0103,  0.0176,  0.0454]],

         [[-0.0462, -0.0438,  0.0347],
          [-0.0244,  0.0345,  0.0551],
          [ 0.1100,  0.0872, -0.0159]],

         ...,

         [[ 0.0549,  0.0283, -0.0312],
          [ 0.0565,  0.0147, -0.0021],
          [-0.0224, -0.0009,  0.0106]],

         [[ 0.0513,  0.0194, -0.0567],
          [ 0.0185,  0.0117, -0.0691],
          [ 0.0351, -0.0151,  0.0057]],

         [[-0.0736,  0.0060,  0.0348],
          [-0.0883, -0.0296,  0.0232],
          [-0.0971, -0.0787,  0.0242]]]], device='cuda:0', requires_grad=True) Parameter containing:
tensor([-2.9723e-02, -6.9204e-03, -8.9882e-03,  4.1559e-02,  1.2333e-02,
         2.0879e-02,  2.1123e-02,  1.6424e-02, -2.1344e-02,  1.0519e-02,
         8.5001e-03, -3.3676e-02, -7.8057e-03, -5.5188e-03, -7.6187e-03,
        -2.0470e-02, -8.3203e-03,  3.0691e-02,  1.0423e-02, -1.0678e-03,
         1.6750e-03,  1.8209e-02,  2.1969e-02, -1.8002e-02, -1.2123e-02,
        -8.2091e-04,  2.3156e-02,  5.6102e-02,  2.2625e-02, -3.4040e-03,
        -2.4069e-02, -8.7519e-03,  2.2468e-02,  4.7258e-03, -6.5603e-03,
         3.1199e-03, -5.2638e-03,  2.9335e-03, -1.2299e-02, -2.9162e-02,
         1.2689e-02, -2.2585e-02, -2.0119e-03,  1.4749e-02,  2.8210e-02,
         2.8755e-02,  3.2945e-02,  2.4029e-03,  4.4882e-03,  2.2016e-02,
         2.4988e-02,  2.0768e-02, -2.9396e-03,  1.8414e-02, -1.0514e-03,
        -6.7494e-03,  1.4548e-02,  1.4841e-02,  1.5382e-02, -1.4984e-02,
         3.0875e-02,  2.5083e-02,  2.6171e-02,  3.2638e-02, -9.7524e-03,
         9.7750e-03,  1.9509e-02,  3.2776e-02, -1.8668e-02,  2.7250e-02,
         2.9720e-03, -8.9028e-03,  4.7017e-03,  2.7564e-03,  1.0540e-02,
         2.4097e-02,  1.5795e-02,  3.7098e-02, -2.0464e-02, -2.2808e-02,
         4.9628e-04, -1.4287e-02, -2.7545e-03,  2.6231e-02,  7.6143e-04,
         1.0070e-03,  2.0145e-02,  7.2179e-04,  1.0573e-03, -3.6695e-04,
         3.0623e-02,  1.0789e-02,  2.1966e-02, -1.0807e-02, -1.1988e-02,
         5.6873e-03,  8.4806e-03,  2.7539e-02,  2.9219e-02,  1.7648e-02,
         1.0783e-02,  2.7532e-02,  1.1623e-02, -2.9540e-02, -2.2244e-02,
         3.3281e-02,  4.0926e-02,  3.8264e-02, -8.0054e-03, -1.5751e-02,
         3.4320e-03,  1.2227e-02,  2.0718e-02, -9.3631e-03,  3.2474e-02,
        -2.2845e-02, -2.3557e-02,  1.1770e-02, -4.6129e-03,  2.5244e-02,
         1.8227e-02, -1.7531e-02,  2.5490e-03, -1.8156e-02, -4.1861e-04,
         1.6517e-02, -5.1458e-03, -5.9076e-03,  2.8288e-02,  1.7828e-02,
         2.2548e-02, -1.5253e-03,  4.4004e-03, -1.7789e-02, -2.2186e-02,
         2.5044e-02,  8.7601e-04, -1.0466e-02,  1.9062e-02,  2.3528e-02,
         4.3848e-03,  4.3855e-02,  2.2129e-02,  1.4239e-02, -2.8922e-02,
        -9.9396e-03, -3.0225e-03, -8.6362e-03,  2.6664e-03,  4.2745e-02,
        -6.9866e-04,  2.0879e-02,  6.8405e-03, -2.0741e-02,  4.6416e-03,
        -1.7377e-02, -3.4028e-02,  1.4585e-02,  1.3298e-03, -2.2020e-02,
         2.1453e-02,  2.4042e-03,  2.1102e-04, -1.1698e-02, -3.4778e-03,
         3.7529e-02,  4.4335e-03, -8.2709e-03, -1.9632e-02,  3.3991e-02,
         3.7385e-02, -1.3464e-02, -4.1223e-03, -2.2932e-02, -8.3338e-03,
        -1.7073e-02,  2.0903e-02, -3.7532e-03,  3.1914e-02, -3.6125e-02,
         1.5217e-02, -2.3984e-03,  3.9125e-05, -1.0829e-02,  1.4978e-02,
         1.3963e-02,  1.7185e-03,  1.8693e-02, -5.3571e-03,  9.1681e-05,
         9.2791e-05, -3.1193e-02,  4.1815e-03, -3.5979e-03,  2.8741e-03,
        -9.8306e-03, -2.0337e-02, -1.8919e-02,  2.4471e-02, -8.2545e-04,
         1.4647e-02,  4.1284e-03,  7.5929e-03,  3.1801e-02,  2.6345e-02,
        -2.6570e-03,  3.0607e-03,  3.6989e-02, -9.4289e-03,  4.7402e-02,
        -1.4177e-02,  1.2440e-02,  1.2014e-02,  2.7403e-02,  1.5435e-02,
        -1.1561e-02,  2.3116e-02,  7.2519e-03,  2.3217e-02, -5.0426e-03,
         1.5406e-02, -2.4902e-03, -1.3191e-02, -3.7438e-03, -1.2160e-02,
         3.3615e-02, -1.1812e-02, -3.1312e-02,  1.2988e-02,  2.2423e-02,
         9.8507e-03,  3.5301e-02, -4.9256e-03,  1.6210e-02,  1.2058e-02,
         2.4419e-02,  3.2454e-03,  1.7096e-02,  1.8202e-02,  1.4389e-02,
         2.1773e-02,  1.6374e-02,  1.6863e-02, -1.7560e-02,  8.2723e-04,
         8.8764e-04,  5.3925e-03, -1.2736e-02, -1.6497e-02, -4.2943e-04,
        -6.2562e-03,  2.7081e-03, -4.6955e-03,  2.5900e-02,  2.8138e-02,
         1.3259e-02, -1.2884e-03,  2.1760e-02, -1.3481e-03,  1.4432e-02,
        -1.1164e-02, -2.3122e-02, -8.3491e-03,  1.8304e-02,  8.1123e-04,
         1.1026e-02,  2.8949e-03,  1.1282e-02,  1.7027e-02,  4.5468e-03,
         2.7442e-02,  2.5796e-02, -1.3118e-02,  4.6612e-02, -2.4641e-02,
         1.9046e-02, -1.6405e-04,  1.1243e-02,  6.4870e-03,  1.0057e-02,
         2.1437e-02,  4.7756e-03,  1.4793e-02, -1.5442e-03, -1.0296e-02,
         2.1188e-02,  1.9652e-02,  8.9654e-03, -5.2446e-03, -2.6212e-02,
        -9.7676e-03, -1.2311e-02,  5.4659e-02, -1.7416e-03,  1.4601e-02,
         6.8674e-03,  1.8300e-02, -3.8055e-03, -1.4774e-02,  1.7644e-02,
        -2.1875e-03, -1.1367e-02,  1.4197e-02,  1.4904e-02,  2.2444e-02,
         4.6952e-03,  1.7475e-02, -2.9530e-03,  6.1971e-02,  5.9264e-03,
         1.1797e-02,  2.4379e-03, -2.1807e-03, -6.4997e-03,  1.3669e-02,
        -1.4287e-02, -1.2939e-02,  1.2859e-02,  5.7995e-03,  1.3740e-02,
        -2.4699e-02, -1.2955e-03,  1.0308e-02, -2.4197e-02,  1.9125e-02,
         3.0507e-02,  1.9192e-03,  1.7637e-02, -1.3871e-02,  2.4790e-02,
        -6.8316e-03,  2.5155e-02, -2.5562e-02,  4.9569e-02, -1.7652e-02,
        -6.6832e-03, -6.7403e-03,  9.6943e-03, -2.4171e-02,  4.2710e-03,
         2.9991e-03,  2.9787e-02,  9.1233e-03,  2.2655e-02,  2.4340e-03,
         6.7547e-03, -5.6494e-03,  4.0862e-03,  2.4118e-03,  2.1485e-02,
         2.3263e-03, -7.4961e-03, -2.0898e-02, -8.4187e-03, -1.0982e-02,
         6.1238e-03,  2.7619e-02,  1.0654e-03,  1.1940e-02,  2.6570e-02,
         1.1839e-03,  3.5699e-02, -4.2816e-03,  1.3138e-02,  1.5541e-02,
         3.2224e-02, -1.8654e-02,  5.0975e-03, -4.8915e-03,  1.0706e-03,
         2.4700e-02,  1.9448e-02, -5.6660e-04,  2.7978e-02,  2.6133e-02,
         2.0624e-02,  5.7522e-03,  7.6909e-03,  2.6018e-02,  2.6349e-02,
         3.4250e-02,  3.2396e-02,  2.4705e-02,  7.9243e-03,  2.6629e-02,
         2.2145e-02,  1.8071e-02,  1.3067e-02, -4.5953e-03,  1.4268e-04,
        -1.3084e-02,  7.2357e-04,  2.3261e-02,  9.5741e-03,  1.3271e-02,
        -2.0155e-02, -8.1085e-03,  2.0406e-02,  1.2825e-02, -1.3400e-02,
         1.5261e-02,  1.3489e-02, -1.0209e-02,  1.3942e-02,  1.6545e-02,
        -3.0895e-02,  6.0233e-03,  1.8876e-02,  2.3960e-02,  3.1522e-02,
         2.4978e-02,  2.1171e-02, -1.1619e-02,  9.0249e-03,  1.0817e-03,
        -9.9092e-03,  1.4025e-03, -1.4645e-02, -1.6542e-02,  1.3146e-02,
        -5.9108e-03,  1.6282e-02,  3.1661e-02,  9.0219e-03, -1.4544e-02,
         1.5243e-02,  7.6232e-03, -2.4769e-02,  1.3744e-02,  6.9200e-03,
         3.8489e-03,  1.5060e-02,  3.7567e-02,  4.8108e-03,  6.9218e-03,
         1.6294e-03,  2.0030e-02,  1.9204e-02,  2.3592e-02, -5.3579e-03,
        -3.1123e-03,  9.2833e-03,  1.8428e-03, -1.6666e-03,  9.6870e-03,
        -1.4395e-02, -9.2578e-03,  1.9073e-02,  2.7591e-02,  1.7296e-02,
        -1.2758e-02,  1.3040e-02,  2.0581e-02,  4.4306e-02, -4.1081e-02,
         2.6889e-02,  7.3227e-03,  2.3516e-02,  1.1065e-02,  1.1848e-02,
        -2.4433e-02,  2.8617e-02,  1.5748e-02,  2.2053e-02, -1.9757e-02,
         1.7074e-02,  7.5486e-03, -1.0138e-02,  8.3068e-03, -1.1532e-02,
         4.0947e-02,  1.0501e-02, -9.6807e-03,  2.6120e-02, -1.5775e-02,
         1.0316e-02, -3.5264e-02,  1.3193e-02, -3.0640e-02,  1.5328e-02,
         5.4276e-02,  1.3890e-02,  1.9120e-02,  1.9550e-02,  9.7019e-03,
         1.9878e-02,  6.3539e-04,  4.0616e-02,  2.0735e-02,  3.1246e-02,
         1.4980e-02,  1.4503e-02,  1.5147e-02,  1.5789e-02,  1.5953e-02,
         1.0220e-02, -1.2993e-02,  3.6108e-02,  1.7522e-02,  1.6759e-02,
         1.3339e-02,  1.8094e-02, -6.8991e-03,  1.4178e-02, -5.2660e-03,
         1.6363e-02,  1.1933e-02,  1.9207e-02,  2.1120e-02, -7.6924e-03,
         2.5742e-03,  2.7278e-02], device='cuda:0', requires_grad=True)