Parameter containing:
tensor([[[[ 0.0252, -0.0311,  0.0353],
          [-0.0220,  0.0157,  0.0140],
          [-0.0230,  0.0174, -0.0303]],

         [[-0.0371,  0.0214, -0.0128],
          [-0.0190,  0.0177,  0.0058],
          [-0.0299,  0.0399,  0.0050]],

         [[-0.0297, -0.0411,  0.0187],
          [ 0.0174, -0.0328,  0.0093],
          [-0.0050, -0.0404, -0.0312]],

         ...,

         [[ 0.0308,  0.0106, -0.0274],
          [ 0.0255,  0.0065, -0.0382],
          [ 0.0254, -0.0217, -0.0150]],

         [[ 0.0278, -0.0213, -0.0292],
          [ 0.0011, -0.0143,  0.0161],
          [ 0.0227, -0.0384, -0.0090]],

         [[ 0.0114, -0.0353, -0.0249],
          [ 0.0207,  0.0031, -0.0118],
          [-0.0016,  0.0386,  0.0337]]],


        [[[ 0.0113,  0.0280, -0.0013],
          [-0.0383, -0.0009,  0.0161],
          [ 0.0285, -0.0111, -0.0028]],

         [[ 0.0372, -0.0064,  0.0232],
          [-0.0129, -0.0125,  0.0161],
          [-0.0357,  0.0383, -0.0234]],

         [[-0.0013,  0.0339,  0.0260],
          [ 0.0026,  0.0111, -0.0064],
          [-0.0164,  0.0271, -0.0398]],

         ...,

         [[ 0.0046, -0.0013,  0.0244],
          [ 0.0104, -0.0350, -0.0208],
          [-0.0103, -0.0291, -0.0157]],

         [[-0.0009,  0.0222,  0.0313],
          [ 0.0060,  0.0396,  0.0076],
          [-0.0407, -0.0068,  0.0251]],

         [[-0.0333,  0.0238, -0.0134],
          [ 0.0346, -0.0157,  0.0037],
          [-0.0012,  0.0055, -0.0194]]],


        [[[ 0.0036,  0.0296, -0.0220],
          [ 0.0394, -0.0123, -0.0055],
          [ 0.0328,  0.0331, -0.0039]],

         [[-0.0360, -0.0054, -0.0411],
          [ 0.0287, -0.0168, -0.0377],
          [ 0.0378,  0.0020, -0.0108]],

         [[ 0.0178, -0.0310,  0.0293],
          [ 0.0336,  0.0107, -0.0118],
          [-0.0297, -0.0248, -0.0243]],

         ...,

         [[ 0.0170,  0.0368, -0.0158],
          [ 0.0304, -0.0305, -0.0178],
          [ 0.0285,  0.0263, -0.0382]],

         [[ 0.0207, -0.0346,  0.0028],
          [ 0.0195, -0.0183,  0.0027],
          [ 0.0099, -0.0127,  0.0404]],

         [[-0.0327, -0.0367, -0.0307],
          [-0.0327, -0.0323, -0.0023],
          [ 0.0181,  0.0233,  0.0290]]],


        ...,


        [[[-0.0065, -0.0015, -0.0261],
          [-0.0246,  0.0347, -0.0262],
          [ 0.0294,  0.0086,  0.0336]],

         [[-0.0359, -0.0060,  0.0282],
          [ 0.0227,  0.0163, -0.0077],
          [ 0.0271, -0.0406,  0.0344]],

         [[ 0.0051, -0.0176, -0.0003],
          [ 0.0279,  0.0016, -0.0070],
          [ 0.0259,  0.0375, -0.0118]],

         ...,

         [[ 0.0176, -0.0414, -0.0071],
          [-0.0316, -0.0391, -0.0033],
          [-0.0368,  0.0213,  0.0072]],

         [[ 0.0101,  0.0266, -0.0187],
          [-0.0226,  0.0162, -0.0120],
          [ 0.0193, -0.0396, -0.0115]],

         [[ 0.0174,  0.0368,  0.0343],
          [-0.0361, -0.0013, -0.0062],
          [ 0.0358,  0.0109, -0.0196]]],


        [[[-0.0098, -0.0340,  0.0347],
          [ 0.0283, -0.0337, -0.0246],
          [-0.0201, -0.0052, -0.0112]],

         [[ 0.0312, -0.0276,  0.0141],
          [ 0.0087, -0.0302,  0.0167],
          [-0.0127,  0.0032, -0.0146]],

         [[-0.0379, -0.0046,  0.0265],
          [-0.0243,  0.0071,  0.0160],
          [ 0.0252,  0.0166,  0.0107]],

         ...,

         [[ 0.0050, -0.0260,  0.0377],
          [ 0.0381, -0.0204, -0.0050],
          [-0.0005,  0.0175,  0.0001]],

         [[-0.0065, -0.0098,  0.0077],
          [ 0.0317, -0.0090, -0.0341],
          [-0.0210,  0.0363, -0.0306]],

         [[ 0.0229,  0.0054, -0.0217],
          [-0.0347, -0.0056, -0.0121],
          [ 0.0365, -0.0056, -0.0096]]],


        [[[ 0.0243, -0.0274,  0.0013],
          [ 0.0331, -0.0338, -0.0180],
          [ 0.0318,  0.0187,  0.0110]],

         [[ 0.0150,  0.0355,  0.0358],
          [ 0.0002, -0.0173,  0.0232],
          [-0.0040, -0.0355,  0.0340]],

         [[ 0.0102, -0.0256, -0.0266],
          [-0.0060,  0.0298, -0.0007],
          [ 0.0312, -0.0017, -0.0399]],

         ...,

         [[-0.0170,  0.0281, -0.0197],
          [ 0.0116, -0.0347,  0.0246],
          [ 0.0021, -0.0366, -0.0370]],

         [[ 0.0198, -0.0352, -0.0245],
          [-0.0414,  0.0136, -0.0370],
          [ 0.0163,  0.0066, -0.0114]],

         [[-0.0033,  0.0271, -0.0197],
          [ 0.0287, -0.0093, -0.0223],
          [-0.0122, -0.0290,  0.0309]]]], device='cuda:0', requires_grad=True) Parameter containing:
tensor([-0.0045, -0.0210,  0.0316, -0.0144, -0.0194, -0.0183, -0.0217,  0.0276,
        -0.0026, -0.0094, -0.0244,  0.0156, -0.0132,  0.0248,  0.0344,  0.0189,
         0.0032, -0.0298,  0.0216, -0.0197,  0.0173, -0.0008, -0.0344,  0.0039,
        -0.0229,  0.0375,  0.0400,  0.0065, -0.0051, -0.0344,  0.0038,  0.0015,
         0.0367,  0.0011, -0.0244, -0.0223,  0.0402, -0.0382,  0.0197, -0.0016,
        -0.0076, -0.0136, -0.0110, -0.0384, -0.0305,  0.0368,  0.0262,  0.0237,
        -0.0060,  0.0336, -0.0152,  0.0394, -0.0046, -0.0370,  0.0144,  0.0339,
        -0.0416, -0.0174, -0.0129,  0.0190,  0.0183,  0.0309,  0.0125, -0.0377,
         0.0154,  0.0370,  0.0157,  0.0212, -0.0025,  0.0381,  0.0163, -0.0125,
         0.0252, -0.0332,  0.0109, -0.0161, -0.0185,  0.0263,  0.0384,  0.0165,
        -0.0353,  0.0338, -0.0311,  0.0131, -0.0102,  0.0104,  0.0357,  0.0243,
        -0.0408,  0.0145, -0.0116, -0.0066, -0.0289, -0.0002, -0.0232,  0.0301,
        -0.0177, -0.0102, -0.0312, -0.0220,  0.0112, -0.0228,  0.0240,  0.0192,
        -0.0087, -0.0354, -0.0004, -0.0023, -0.0133,  0.0206, -0.0077,  0.0036,
         0.0188,  0.0097, -0.0104, -0.0349, -0.0006, -0.0393, -0.0036,  0.0260,
        -0.0061,  0.0098,  0.0029, -0.0128, -0.0214,  0.0415, -0.0158, -0.0031],
       device='cuda:0', requires_grad=True) Parameter containing:
tensor([1., 1., 1., 1., 1., 1., 1., 1., 1., 1., 1., 1., 1., 1., 1., 1., 1., 1.,
        1., 1., 1., 1., 1., 1., 1., 1., 1., 1., 1., 1., 1., 1., 1., 1., 1., 1.,
        1., 1., 1., 1., 1., 1., 1., 1., 1., 1., 1., 1., 1., 1., 1., 1., 1., 1.,
        1., 1., 1., 1., 1., 1., 1., 1., 1., 1., 1., 1., 1., 1., 1., 1., 1., 1.,
        1., 1., 1., 1., 1., 1., 1., 1., 1., 1., 1., 1., 1., 1., 1., 1., 1., 1.,
        1., 1., 1., 1., 1., 1., 1., 1., 1., 1., 1., 1., 1., 1., 1., 1., 1., 1.,
        1., 1., 1., 1., 1., 1., 1., 1., 1., 1., 1., 1., 1., 1., 1., 1., 1., 1.,
        1., 1.], device='cuda:0', requires_grad=True) Parameter containing:
tensor([0., 0., 0., 0., 0., 0., 0., 0., 0., 0., 0., 0., 0., 0., 0., 0., 0., 0., 0., 0., 0., 0., 0., 0.,
        0., 0., 0., 0., 0., 0., 0., 0., 0., 0., 0., 0., 0., 0., 0., 0., 0., 0., 0., 0., 0., 0., 0., 0.,
        0., 0., 0., 0., 0., 0., 0., 0., 0., 0., 0., 0., 0., 0., 0., 0., 0., 0., 0., 0., 0., 0., 0., 0.,
        0., 0., 0., 0., 0., 0., 0., 0., 0., 0., 0., 0., 0., 0., 0., 0., 0., 0., 0., 0., 0., 0., 0., 0.,
        0., 0., 0., 0., 0., 0., 0., 0., 0., 0., 0., 0., 0., 0., 0., 0., 0., 0., 0., 0., 0., 0., 0., 0.,
        0., 0., 0., 0., 0., 0., 0., 0.], device='cuda:0', requires_grad=True) Parameter containing:
tensor([[[[-1.7209e-02,  1.3342e-02,  8.8265e-03],
          [-1.9515e-02,  1.1461e-02, -1.7040e-02],
          [ 2.0547e-02,  4.4241e-03, -1.5144e-02]],

         [[ 1.9872e-04,  1.4292e-02,  2.6615e-02],
          [ 1.3861e-02,  1.5742e-03, -8.5793e-03],
          [-7.0136e-03, -1.9896e-02, -5.9976e-03]],

         [[-1.6116e-02,  2.1864e-02, -1.1918e-03],
          [-1.5685e-02,  2.0281e-03, -3.2256e-03],
          [-1.9306e-02, -1.9066e-02, -1.0390e-02]],

         ...,

         [[-2.5113e-02, -2.3162e-02,  2.7685e-02],
          [ 2.0295e-02,  2.1830e-02,  2.5283e-02],
          [ 6.2639e-04, -4.4421e-03, -3.3070e-03]],

         [[-1.6080e-02, -1.4711e-02, -8.5348e-03],
          [ 2.0835e-02, -2.3626e-02, -1.4611e-02],
          [ 2.7198e-02,  5.5932e-04,  1.6079e-02]],

         [[-2.3473e-02, -1.0425e-03,  9.6106e-03],
          [-8.6712e-03,  1.1219e-02, -1.9438e-02],
          [ 2.4774e-02, -3.5403e-03, -1.2656e-02]]],


        [[[ 2.6413e-02,  1.9062e-02, -1.5965e-02],
          [ 1.3951e-02,  1.7716e-03,  2.7960e-02],
          [-6.5744e-03,  1.6476e-02,  2.7127e-02]],

         [[-1.1562e-02,  1.4044e-02, -4.3610e-03],
          [-2.0490e-02, -2.1200e-02, -1.7498e-02],
          [-6.1015e-05,  2.3504e-02,  1.5503e-02]],

         [[-2.5927e-02, -1.2616e-02,  1.4357e-02],
          [ 1.6368e-02, -2.9053e-02,  1.4077e-02],
          [-5.3705e-03,  7.6339e-03, -3.2591e-03]],

         ...,

         [[ 1.4111e-03, -6.3163e-03, -1.2110e-04],
          [-8.4368e-03,  8.0154e-03, -4.7398e-03],
          [-2.4627e-02, -2.9419e-02, -2.2019e-02]],

         [[ 2.3247e-02, -8.9191e-03,  2.9277e-02],
          [-5.0761e-03,  3.7447e-03, -8.9959e-04],
          [ 2.0378e-02,  1.2819e-02,  4.7942e-03]],

         [[ 1.0318e-02, -1.6436e-02, -6.9931e-03],
          [-8.1672e-03,  2.3674e-02, -2.9123e-02],
          [ 6.0574e-03, -1.9574e-02,  2.4784e-02]]],


        [[[ 6.8076e-03, -2.6784e-02, -2.4075e-02],
          [ 4.8681e-03, -2.9015e-02,  2.0466e-02],
          [-8.9941e-04,  9.1298e-05,  6.9328e-03]],

         [[-1.4717e-03,  6.0029e-03,  1.1993e-03],
          [-1.8452e-02, -7.0724e-03,  1.1913e-02],
          [-8.8864e-03,  1.6875e-02, -6.3952e-03]],

         [[-1.9862e-02, -1.0567e-02,  1.5173e-02],
          [-8.2177e-03, -4.6950e-03, -2.1968e-02],
          [-8.8848e-03,  8.5751e-03,  1.0569e-02]],

         ...,

         [[ 2.2559e-02, -7.3231e-03, -2.1322e-02],
          [-2.8680e-02, -6.0136e-03, -8.3433e-04],
          [-2.0832e-02, -1.8739e-02,  8.3549e-03]],

         [[-6.5419e-03, -3.7776e-03,  1.5096e-02],
          [ 1.8026e-02, -5.7369e-03, -1.3279e-02],
          [ 2.0811e-02,  1.8284e-02, -4.6010e-03]],

         [[ 6.8199e-03,  2.6722e-03, -1.1631e-02],
          [ 1.4772e-02,  2.3554e-02, -2.2405e-02],
          [-1.9709e-02,  1.9194e-02, -2.2820e-02]]],


        ...,


        [[[ 5.8263e-03, -1.9825e-02,  1.7374e-02],
          [ 2.2273e-02,  1.1303e-03,  1.3758e-02],
          [ 1.4649e-02, -1.4502e-03, -5.4567e-03]],

         [[ 2.1853e-02,  2.3480e-02, -1.2958e-02],
          [-2.2830e-02, -1.7430e-02,  1.5350e-02],
          [ 2.5734e-02, -1.2560e-02, -6.1654e-03]],

         [[ 9.4536e-03,  1.3501e-02, -1.0785e-02],
          [-9.8453e-03, -1.0046e-02,  1.6211e-02],
          [ 1.5204e-02, -1.4524e-02, -1.7870e-03]],

         ...,

         [[-3.7750e-03,  2.8259e-03,  1.9338e-02],
          [ 2.3173e-02,  1.7914e-03,  8.6903e-03],
          [ 4.7853e-03,  1.9093e-03, -1.4990e-02]],

         [[-1.3365e-02, -2.0013e-02,  2.1958e-02],
          [-2.4333e-02,  1.5719e-03, -9.0247e-03],
          [ 3.4936e-03,  2.1344e-02, -3.1507e-03]],

         [[ 1.4683e-02, -2.3405e-02,  2.2784e-02],
          [ 2.6268e-02,  1.7374e-03, -1.5654e-02],
          [-1.2678e-02,  5.9593e-03,  2.6964e-03]]],


        [[[ 4.0651e-03,  2.5921e-03,  2.2835e-02],
          [-1.8840e-02, -2.6797e-02,  2.2172e-02],
          [-2.4510e-02, -2.2587e-03,  1.1659e-02]],

         [[ 1.6998e-02,  1.1937e-02,  8.0227e-03],
          [-1.3520e-02,  2.1100e-03, -4.4196e-03],
          [-8.0796e-03,  2.9417e-02, -1.9987e-02]],

         [[ 1.9915e-02,  1.0160e-02, -2.1428e-02],
          [ 1.6129e-02, -1.8543e-02, -2.8371e-02],
          [ 2.2600e-02,  1.1595e-02, -1.3312e-02]],

         ...,

         [[ 2.5601e-02, -3.8762e-03, -1.9044e-02],
          [-2.0923e-02, -5.8987e-03, -2.5100e-02],
          [ 2.1752e-02,  1.1491e-03, -2.8061e-02]],

         [[ 4.6198e-03,  2.0932e-02, -1.8507e-02],
          [-6.2440e-03,  1.8616e-02,  7.2395e-03],
          [-2.3087e-02, -1.5607e-02, -1.1008e-02]],

         [[ 2.9185e-02,  1.3102e-02,  1.5225e-02],
          [-2.0162e-02, -3.4484e-03, -2.8382e-02],
          [-1.7233e-03, -1.8030e-02,  1.8595e-02]]],


        [[[-2.4793e-02,  2.7739e-02,  6.5937e-03],
          [-6.6296e-03, -1.0522e-02,  6.9645e-03],
          [-8.9238e-03,  8.3183e-03, -1.2276e-02]],

         [[ 1.4308e-02, -1.9272e-03, -1.6396e-02],
          [-2.7638e-02, -1.6890e-03,  1.0393e-02],
          [-6.6611e-03, -2.6430e-02, -1.7667e-03]],

         [[ 2.8201e-02,  8.0673e-03,  2.2793e-02],
          [-1.0463e-02,  1.8813e-02, -2.9138e-02],
          [ 9.8784e-03,  1.4679e-02, -2.0777e-02]],

         ...,

         [[-2.5732e-02,  1.8652e-02, -1.0842e-02],
          [ 1.6157e-02, -7.1139e-03, -1.8313e-02],
          [ 4.9909e-03,  2.4659e-02, -1.7293e-02]],

         [[ 2.2700e-02,  2.0285e-02, -2.7775e-02],
          [ 6.9601e-03,  1.5072e-02,  1.2749e-02],
          [ 5.8861e-04, -1.4132e-02, -2.0794e-03]],

         [[-4.0220e-03, -1.0175e-02, -3.1707e-03],
          [-1.2948e-02,  9.9387e-03,  7.9189e-03],
          [ 4.6371e-03,  2.8432e-02,  2.5948e-02]]]], device='cuda:0',
       requires_grad=True) Parameter containing:
tensor([ 0.0003,  0.0257, -0.0151, -0.0011, -0.0046, -0.0059, -0.0086,  0.0290,
        -0.0180, -0.0090, -0.0092, -0.0280, -0.0291,  0.0105,  0.0266, -0.0115,
        -0.0141,  0.0221,  0.0280,  0.0253, -0.0065, -0.0018,  0.0049,  0.0065,
        -0.0165,  0.0013, -0.0131, -0.0292,  0.0020,  0.0196,  0.0168, -0.0250,
         0.0284,  0.0082,  0.0150,  0.0179,  0.0175, -0.0139, -0.0232, -0.0099,
        -0.0220,  0.0182, -0.0069,  0.0005, -0.0291,  0.0208,  0.0221, -0.0124,
        -0.0286, -0.0212,  0.0077, -0.0098, -0.0236, -0.0084, -0.0083, -0.0001,
        -0.0018, -0.0193,  0.0279, -0.0266,  0.0160,  0.0125,  0.0182, -0.0040,
        -0.0130, -0.0024,  0.0199, -0.0221, -0.0161, -0.0197, -0.0168, -0.0075,
         0.0084,  0.0142,  0.0266,  0.0207, -0.0187, -0.0008,  0.0016, -0.0161,
        -0.0014,  0.0212, -0.0180, -0.0293, -0.0288,  0.0074,  0.0287,  0.0213,
         0.0179,  0.0111, -0.0082, -0.0051,  0.0207,  0.0263,  0.0233, -0.0211,
         0.0239,  0.0130, -0.0154, -0.0157,  0.0246,  0.0009, -0.0205, -0.0190,
        -0.0100,  0.0202, -0.0122, -0.0200,  0.0090, -0.0245, -0.0253, -0.0283,
        -0.0072, -0.0286,  0.0106, -0.0209,  0.0034,  0.0185,  0.0088, -0.0096,
         0.0276,  0.0101, -0.0089,  0.0051,  0.0144,  0.0070, -0.0081,  0.0140,
         0.0117,  0.0243,  0.0023,  0.0186,  0.0068,  0.0061,  0.0179, -0.0213,
         0.0249,  0.0111,  0.0289,  0.0040,  0.0162, -0.0221,  0.0138, -0.0126,
         0.0169, -0.0221, -0.0006,  0.0005,  0.0108, -0.0269, -0.0251, -0.0214,
        -0.0270,  0.0112,  0.0187,  0.0056, -0.0119,  0.0290,  0.0293,  0.0162,
        -0.0013,  0.0013, -0.0094,  0.0025,  0.0033, -0.0063, -0.0291, -0.0136,
        -0.0060,  0.0118, -0.0292, -0.0143, -0.0174,  0.0213,  0.0057,  0.0063,
         0.0208, -0.0185,  0.0268, -0.0281,  0.0034, -0.0159,  0.0256, -0.0122,
         0.0044, -0.0275,  0.0160, -0.0271,  0.0072,  0.0152, -0.0174,  0.0220,
        -0.0026, -0.0239, -0.0104, -0.0160, -0.0277, -0.0024, -0.0017,  0.0120,
        -0.0137, -0.0114, -0.0026,  0.0085, -0.0265,  0.0286, -0.0025, -0.0113,
         0.0263,  0.0294, -0.0257,  0.0267,  0.0080, -0.0073, -0.0279, -0.0097,
        -0.0276,  0.0202,  0.0116,  0.0073,  0.0128,  0.0064, -0.0063,  0.0149,
         0.0066, -0.0240,  0.0252, -0.0251, -0.0257, -0.0230,  0.0230,  0.0054,
        -0.0203,  0.0031,  0.0216,  0.0263, -0.0038, -0.0212,  0.0225,  0.0268,
         0.0233,  0.0140, -0.0288,  0.0156, -0.0248,  0.0142, -0.0288,  0.0049,
        -0.0062, -0.0119, -0.0287,  0.0151, -0.0281,  0.0100, -0.0051, -0.0196],
       device='cuda:0', requires_grad=True) Parameter containing:
tensor([1., 1., 1., 1., 1., 1., 1., 1., 1., 1., 1., 1., 1., 1., 1., 1., 1., 1.,
        1., 1., 1., 1., 1., 1., 1., 1., 1., 1., 1., 1., 1., 1., 1., 1., 1., 1.,
        1., 1., 1., 1., 1., 1., 1., 1., 1., 1., 1., 1., 1., 1., 1., 1., 1., 1.,
        1., 1., 1., 1., 1., 1., 1., 1., 1., 1., 1., 1., 1., 1., 1., 1., 1., 1.,
        1., 1., 1., 1., 1., 1., 1., 1., 1., 1., 1., 1., 1., 1., 1., 1., 1., 1.,
        1., 1., 1., 1., 1., 1., 1., 1., 1., 1., 1., 1., 1., 1., 1., 1., 1., 1.,
        1., 1., 1., 1., 1., 1., 1., 1., 1., 1., 1., 1., 1., 1., 1., 1., 1., 1.,
        1., 1., 1., 1., 1., 1., 1., 1., 1., 1., 1., 1., 1., 1., 1., 1., 1., 1.,
        1., 1., 1., 1., 1., 1., 1., 1., 1., 1., 1., 1., 1., 1., 1., 1., 1., 1.,
        1., 1., 1., 1., 1., 1., 1., 1., 1., 1., 1., 1., 1., 1., 1., 1., 1., 1.,
        1., 1., 1., 1., 1., 1., 1., 1., 1., 1., 1., 1., 1., 1., 1., 1., 1., 1.,
        1., 1., 1., 1., 1., 1., 1., 1., 1., 1., 1., 1., 1., 1., 1., 1., 1., 1.,
        1., 1., 1., 1., 1., 1., 1., 1., 1., 1., 1., 1., 1., 1., 1., 1., 1., 1.,
        1., 1., 1., 1., 1., 1., 1., 1., 1., 1., 1., 1., 1., 1., 1., 1., 1., 1.,
        1., 1., 1., 1.], device='cuda:0', requires_grad=True) Parameter containing:
tensor([0., 0., 0., 0., 0., 0., 0., 0., 0., 0., 0., 0., 0., 0., 0., 0., 0., 0., 0., 0., 0., 0., 0., 0.,
        0., 0., 0., 0., 0., 0., 0., 0., 0., 0., 0., 0., 0., 0., 0., 0., 0., 0., 0., 0., 0., 0., 0., 0.,
        0., 0., 0., 0., 0., 0., 0., 0., 0., 0., 0., 0., 0., 0., 0., 0., 0., 0., 0., 0., 0., 0., 0., 0.,
        0., 0., 0., 0., 0., 0., 0., 0., 0., 0., 0., 0., 0., 0., 0., 0., 0., 0., 0., 0., 0., 0., 0., 0.,
        0., 0., 0., 0., 0., 0., 0., 0., 0., 0., 0., 0., 0., 0., 0., 0., 0., 0., 0., 0., 0., 0., 0., 0.,
        0., 0., 0., 0., 0., 0., 0., 0., 0., 0., 0., 0., 0., 0., 0., 0., 0., 0., 0., 0., 0., 0., 0., 0.,
        0., 0., 0., 0., 0., 0., 0., 0., 0., 0., 0., 0., 0., 0., 0., 0., 0., 0., 0., 0., 0., 0., 0., 0.,
        0., 0., 0., 0., 0., 0., 0., 0., 0., 0., 0., 0., 0., 0., 0., 0., 0., 0., 0., 0., 0., 0., 0., 0.,
        0., 0., 0., 0., 0., 0., 0., 0., 0., 0., 0., 0., 0., 0., 0., 0., 0., 0., 0., 0., 0., 0., 0., 0.,
        0., 0., 0., 0., 0., 0., 0., 0., 0., 0., 0., 0., 0., 0., 0., 0., 0., 0., 0., 0., 0., 0., 0., 0.,
        0., 0., 0., 0., 0., 0., 0., 0., 0., 0., 0., 0., 0., 0., 0., 0.],
       device='cuda:0', requires_grad=True) Parameter containing:
tensor([[[[ 9.9742e-03,  1.5272e-02,  8.8220e-03],
          [-1.8219e-02, -1.3437e-02,  1.4173e-03],
          [-3.5564e-03, -4.6301e-03,  5.8814e-03]],

         [[-9.2112e-03,  2.2826e-03, -1.9674e-02],
          [ 5.7379e-04,  1.2227e-02,  5.2636e-03],
          [-9.8501e-03,  1.2224e-02, -4.1759e-03]],

         [[ 1.5245e-02,  9.5219e-03, -4.0433e-04],
          [ 3.0804e-03,  3.3269e-03, -1.7869e-02],
          [ 9.2934e-03,  1.1396e-02, -1.5285e-02]],

         ...,

         [[ 7.9459e-05, -1.8318e-02,  1.1392e-02],
          [-4.0215e-03, -1.8243e-02, -1.8613e-02],
          [-4.1812e-03,  1.5415e-03, -9.4861e-03]],

         [[-1.7700e-02, -1.3786e-02,  1.9803e-02],
          [-1.2303e-02,  1.8460e-02, -1.2151e-02],
          [-4.6395e-03, -1.2861e-02,  8.8750e-04]],

         [[-1.2232e-02, -8.7153e-03, -1.0145e-02],
          [-1.3650e-02,  1.4878e-02,  1.8306e-02],
          [-9.8452e-03, -7.5254e-03, -3.9631e-03]]],


        [[[-1.5130e-02, -1.0446e-02, -1.4113e-02],
          [ 1.2287e-02, -1.6766e-02, -1.7447e-02],
          [-1.9312e-02, -5.0109e-03, -1.8050e-02]],

         [[-9.6618e-03, -1.3687e-02, -1.6938e-02],
          [-1.9295e-02, -1.8262e-02,  8.6556e-03],
          [ 1.7516e-02, -4.6247e-04, -1.8072e-02]],

         [[ 1.2951e-02, -2.7275e-03,  8.1930e-03],
          [ 1.1127e-02,  1.4894e-02,  8.4834e-03],
          [-1.8892e-02,  3.2231e-03,  1.3702e-02]],

         ...,

         [[ 2.0579e-02,  1.9387e-02, -2.0212e-02],
          [ 1.1312e-02,  9.9938e-03,  3.3384e-03],
          [ 9.8677e-03,  1.7000e-02,  1.9878e-02]],

         [[-1.0396e-02,  1.0076e-02,  1.8730e-02],
          [-9.4275e-03,  1.6611e-02, -9.8815e-03],
          [ 1.9397e-02, -1.3336e-02,  1.6276e-02]],

         [[-2.2561e-03,  1.4719e-02, -1.4567e-02],
          [-1.8681e-03,  1.5550e-02, -5.6301e-03],
          [ 5.6443e-03,  1.2162e-02,  7.1748e-03]]],


        [[[ 1.2838e-02,  1.9538e-02, -1.6449e-02],
          [-1.4708e-02, -2.0803e-02, -1.7609e-02],
          [ 1.5954e-03, -1.1679e-02,  1.7554e-02]],

         [[ 1.4736e-02, -8.2629e-03,  6.5520e-04],
          [ 1.6631e-02,  9.2624e-03,  4.9810e-04],
          [-9.0067e-04,  4.0242e-05,  6.5498e-03]],

         [[ 9.6984e-03, -1.5305e-02, -3.3693e-03],
          [ 1.9803e-02, -6.7284e-03, -6.2928e-03],
          [-3.6049e-04,  8.6008e-03, -1.3704e-02]],

         ...,

         [[-7.5023e-03, -2.7470e-03, -1.9311e-02],
          [-2.2235e-03,  1.7205e-02,  8.4588e-03],
          [-5.7723e-03, -1.0445e-02,  2.2582e-03]],

         [[-1.7580e-02,  1.0800e-02, -7.7845e-04],
          [-1.5255e-02, -6.1647e-03, -1.6040e-02],
          [ 1.3290e-02, -8.2942e-03,  1.2530e-02]],

         [[ 1.2975e-02, -1.3645e-02, -1.7445e-02],
          [ 3.1051e-03, -8.0162e-03,  8.7087e-03],
          [-4.7104e-03,  1.6995e-02,  1.2863e-04]]],


        ...,


        [[[ 1.0111e-02, -2.5460e-03,  3.7502e-03],
          [ 1.1270e-02, -3.0840e-03,  1.8745e-02],
          [-1.9561e-02, -1.3243e-02, -1.6104e-02]],

         [[ 3.2530e-03,  7.3154e-03,  9.6796e-03],
          [ 1.3634e-03, -1.8150e-02, -8.0025e-04],
          [-1.2133e-02,  1.4852e-02, -1.6745e-02]],

         [[ 4.5260e-03, -1.0249e-02,  1.3936e-02],
          [-1.5093e-02, -1.9036e-02, -1.2155e-02],
          [-4.1041e-03, -3.5269e-03,  9.3156e-03]],

         ...,

         [[-1.6445e-02,  4.8601e-03,  1.8278e-02],
          [-7.2917e-03, -5.3185e-03,  9.0516e-03],
          [ 1.2516e-02, -3.6292e-04,  9.5691e-03]],

         [[ 1.5783e-02,  1.8662e-03, -1.2566e-02],
          [ 3.8204e-03, -4.2650e-03,  1.5818e-02],
          [-9.2094e-03,  1.4960e-02,  5.6333e-03]],

         [[-1.8730e-02,  1.7216e-02,  1.8860e-02],
          [ 1.3105e-02,  1.1234e-02,  1.5409e-03],
          [ 1.3594e-02, -1.9857e-02,  1.6721e-02]]],


        [[[-2.5676e-03,  1.3981e-02, -7.4270e-03],
          [ 7.4518e-03,  2.8173e-03,  3.4955e-03],
          [-3.8393e-03,  1.2633e-02, -9.6374e-03]],

         [[ 1.4522e-02,  2.1808e-03,  8.5875e-03],
          [ 9.3293e-03,  3.9787e-04,  1.8454e-02],
          [ 1.7790e-02, -8.9866e-03,  8.5549e-03]],

         [[ 7.4045e-04, -3.2454e-03, -2.0169e-02],
          [-7.7424e-03, -1.6715e-03, -1.0429e-02],
          [ 1.5449e-02,  1.1098e-02,  2.7125e-03]],

         ...,

         [[ 1.1005e-02,  1.3783e-02,  1.5529e-02],
          [ 1.5324e-02,  2.0681e-02, -9.8923e-03],
          [ 5.6354e-04, -1.8980e-02, -1.6314e-02]],

         [[ 2.0754e-03, -9.3543e-03, -1.3919e-02],
          [-1.2790e-02,  1.5446e-02,  1.5806e-02],
          [-1.1569e-02, -4.4978e-03, -1.7549e-02]],

         [[ 1.1931e-02, -3.5757e-03, -4.2749e-03],
          [-1.9696e-02,  9.1107e-03, -1.7393e-02],
          [ 1.8175e-02,  2.3302e-03,  4.5089e-03]]],


        [[[-1.3559e-02, -8.9297e-03,  1.9735e-02],
          [ 1.3091e-02, -1.3207e-03, -1.6667e-03],
          [-1.8292e-04, -2.0222e-02, -1.0314e-02]],

         [[ 1.2339e-02, -1.7593e-02, -1.9205e-03],
          [ 7.7091e-03,  1.4120e-02,  1.8298e-02],
          [-1.2932e-02,  1.8688e-02, -6.0364e-03]],

         [[-5.8062e-03,  4.3986e-03,  7.6236e-03],
          [-4.1987e-03, -2.7193e-04, -4.0123e-03],
          [-1.1685e-03, -1.0691e-02, -1.2806e-02]],

         ...,

         [[ 1.6838e-02,  1.0770e-03,  1.0338e-02],
          [ 1.4999e-02,  1.5009e-02, -1.1991e-02],
          [ 4.4713e-03,  8.8995e-03,  3.0916e-03]],

         [[-1.9984e-02,  9.7902e-03, -8.5148e-03],
          [ 1.2537e-02, -1.4000e-02, -2.0358e-02],
          [-2.9361e-04, -8.8017e-03, -1.2884e-02]],

         [[-1.2434e-02,  1.7237e-02,  1.5506e-02],
          [ 2.0096e-02, -1.0703e-02, -2.6767e-03],
          [-1.5275e-02, -2.0917e-03, -2.4677e-03]]]], device='cuda:0',
       requires_grad=True) Parameter containing:
tensor([-1.4052e-02, -1.7248e-02, -5.4158e-03,  1.7746e-02,  5.7800e-03,
        -9.1924e-03, -1.0414e-02,  1.4079e-02, -1.8361e-02, -8.2678e-03,
        -1.0565e-04,  5.9240e-03, -3.6885e-03,  1.3697e-02, -1.4074e-02,
        -1.8147e-02, -6.2175e-03, -1.8454e-02, -2.0129e-02, -2.0081e-02,
        -6.1876e-03, -1.3861e-02, -1.7339e-02, -1.9717e-02, -1.7948e-03,
        -2.0393e-02,  2.8123e-03,  2.2948e-03, -1.4950e-02, -2.0408e-02,
         1.1800e-02, -1.1229e-02,  1.7377e-02, -1.5913e-02, -9.5125e-03,
         8.5184e-03,  3.0921e-04,  1.5737e-02, -1.9653e-02, -1.4953e-02,
         1.2836e-02, -1.2967e-02, -1.6086e-03, -2.0638e-02,  1.5686e-02,
        -1.6079e-02,  8.7596e-03,  1.2512e-02,  1.7694e-02, -8.8633e-03,
        -9.8774e-03, -8.1179e-03, -1.9400e-02, -1.5623e-02,  2.3046e-03,
        -1.4153e-02, -4.4008e-03,  1.0947e-02,  1.4957e-02, -3.6713e-03,
        -1.8575e-02,  1.3747e-02, -8.4412e-03, -1.0420e-02, -6.9398e-03,
        -1.2603e-02, -1.7920e-02, -6.7002e-03,  1.3778e-02, -7.7116e-04,
         1.6188e-02,  4.5580e-03,  4.0031e-04,  2.6801e-03, -4.0658e-03,
         6.9771e-04,  1.9505e-03,  1.8442e-04,  7.0655e-03, -6.4943e-03,
         8.0291e-03,  6.3012e-04,  1.4933e-02, -4.0458e-03,  5.1423e-04,
        -2.5719e-03,  7.3272e-03, -4.8222e-03, -1.2391e-02, -1.5147e-02,
        -3.9520e-03,  7.5886e-05,  1.1678e-03, -1.9621e-02,  1.5485e-02,
        -1.5062e-02,  9.3466e-03, -9.2323e-03, -1.8916e-03,  3.5714e-03,
         1.4389e-02, -7.1369e-03,  3.9482e-03, -2.6944e-03, -1.8699e-02,
        -1.4982e-02, -1.9977e-02, -1.8419e-02,  3.2088e-03, -1.3381e-02,
        -1.8115e-02,  2.7101e-03, -6.8564e-03,  1.1573e-02, -1.7960e-02,
        -1.5850e-02, -3.6305e-03,  1.7630e-02,  1.9320e-02,  1.7072e-02,
        -9.7015e-03,  1.2863e-02, -7.5269e-03,  7.1657e-03, -3.6469e-03,
         2.5132e-03,  5.4274e-03, -1.1320e-02, -1.2994e-02,  1.6350e-02,
        -1.1240e-02, -2.0313e-02,  4.3227e-03, -6.5733e-03,  4.2113e-03,
        -6.7848e-03,  1.9076e-02,  1.8644e-02, -9.9193e-03, -2.1371e-03,
         7.6178e-04, -1.4127e-02, -1.7827e-02, -1.7333e-02, -8.0969e-03,
        -1.4372e-02, -5.5119e-03,  4.4340e-03, -1.4353e-02, -1.9949e-02,
        -6.9547e-03, -5.5916e-03,  1.5171e-02, -1.2497e-02, -1.5256e-03,
        -1.7493e-02, -1.1621e-02,  1.7999e-02,  9.4759e-04, -1.4282e-02,
        -1.4964e-03,  1.5967e-02, -1.7458e-02, -1.8557e-02,  1.2755e-02,
         1.6487e-03, -9.8396e-03, -1.3596e-02,  1.9225e-02, -1.1704e-02,
         1.5177e-02,  1.5843e-02, -2.8097e-03,  6.6488e-03,  4.6925e-03,
         8.8562e-03,  1.3002e-02, -1.7190e-02,  5.9288e-03, -1.1366e-02,
        -1.4402e-02,  1.9295e-02, -5.2107e-03, -1.4033e-02,  1.5847e-02,
        -1.8531e-02, -1.7434e-03,  9.3614e-03,  1.3770e-02, -4.7917e-03,
        -1.6047e-02,  8.0657e-03,  4.8821e-03,  9.2215e-03, -1.4646e-03,
         3.2874e-03, -1.3886e-02,  9.7797e-03, -2.7176e-03, -2.0162e-02,
         1.4907e-02, -1.0330e-02,  7.5759e-05,  1.8738e-02,  1.2983e-02,
        -1.2119e-02,  5.4731e-03, -1.7136e-02, -2.7637e-03, -1.3462e-02,
         1.4649e-02, -2.0052e-02, -4.2078e-03, -1.2664e-02, -1.8266e-02,
        -1.4630e-02,  5.4414e-03, -1.7008e-02, -1.9640e-02,  2.0579e-02,
        -2.0201e-02,  5.6248e-03, -6.5121e-03, -1.7813e-02,  1.4642e-02,
         3.2604e-03,  9.9032e-03,  1.1146e-02, -1.4804e-02, -2.0103e-03,
         1.0418e-03, -2.9368e-03,  1.7871e-02, -1.2595e-02,  1.9849e-02,
         2.0017e-02, -6.3593e-03,  3.0461e-03,  1.0128e-03,  7.6683e-03,
         5.4282e-03,  1.4905e-02, -1.5150e-02,  5.7693e-03,  1.7217e-02,
        -2.0830e-02,  6.7756e-03,  3.5855e-03, -7.5636e-03,  1.8460e-02,
        -1.8746e-02,  1.9909e-02,  8.1570e-03,  4.6413e-03,  1.7260e-02,
         1.4487e-02,  9.6108e-03, -1.0134e-02, -6.9962e-03,  1.6163e-02,
         1.4804e-02,  9.9987e-03, -5.2339e-03, -8.2406e-03,  9.8895e-03,
        -5.1609e-03, -1.1763e-02, -1.1047e-02,  1.4551e-02, -7.1343e-03,
        -5.9606e-03, -7.4833e-03,  1.5210e-02, -1.4272e-02, -1.9541e-02,
        -5.4163e-03,  1.9581e-02, -8.5480e-03,  5.9324e-03,  1.7061e-02,
         1.6100e-03,  4.2320e-03,  5.5618e-03, -8.5803e-03, -1.1939e-02,
        -1.7204e-02,  2.2557e-03, -1.5872e-02,  1.8023e-02,  1.8156e-02,
        -1.4237e-02,  1.7162e-02, -1.6087e-02, -1.3412e-02,  1.1332e-02,
        -6.1980e-04,  1.0747e-02, -8.0179e-03, -2.4289e-05,  9.0534e-03,
         6.3672e-03,  1.8904e-02, -4.0830e-03, -9.0664e-03,  1.0852e-02,
         1.7055e-03,  6.1298e-03, -1.9060e-02,  2.9633e-04, -8.9540e-03,
        -1.0314e-02,  1.4135e-02, -1.0375e-02,  1.4365e-02,  1.6478e-02,
         2.0785e-02,  5.9506e-03,  1.2742e-02,  1.6320e-02,  1.0258e-02,
        -4.6566e-03,  1.1778e-02,  2.3432e-03, -5.7233e-03, -1.7026e-02,
         1.5763e-02,  1.5248e-03, -9.6747e-03, -1.5761e-02,  8.8150e-03,
         1.2814e-02,  9.6935e-03,  1.0850e-02,  1.3770e-02, -8.2995e-03,
         1.0574e-02,  1.8012e-02, -3.2373e-03,  1.9499e-02, -7.6016e-03,
        -1.8129e-02, -1.1188e-02, -1.2185e-02, -1.4660e-02,  5.3457e-03,
         1.5344e-02, -1.5638e-02,  1.2837e-02, -7.5166e-03, -1.8962e-02,
         1.4066e-02,  3.0941e-03,  1.6608e-02, -1.2785e-02,  1.5961e-02,
         1.4781e-02, -1.1073e-02, -1.4992e-03,  1.4825e-02, -3.4684e-03,
        -7.2308e-03,  3.0594e-03, -6.2277e-03,  1.7916e-02, -1.6962e-04,
         5.5677e-03,  6.0411e-03,  1.8500e-03,  4.1360e-03,  5.6996e-03,
         1.7719e-02,  7.3407e-06, -1.2985e-02, -1.7322e-02, -1.7941e-02,
        -4.1165e-03, -2.8338e-03, -1.4992e-02, -6.2334e-03,  5.1104e-03,
         7.8771e-03, -1.2371e-02, -3.2162e-03, -1.9165e-02,  2.9708e-04,
        -1.3276e-02, -1.6839e-02, -1.7347e-02, -1.6084e-02,  3.4519e-03,
        -7.0167e-03, -3.0494e-03, -1.4956e-02, -8.5355e-03, -1.3146e-02,
        -1.2970e-02, -1.0020e-02, -6.3293e-04,  1.9922e-02,  1.6947e-02,
        -1.0632e-02,  6.0146e-03, -1.4949e-02, -6.8408e-03,  1.1787e-02,
         8.7828e-03, -1.8677e-02, -7.1883e-03, -7.2235e-03, -2.3585e-03,
         1.8784e-02,  1.8412e-02, -6.8514e-03, -7.0445e-04, -3.7700e-03,
         2.0373e-02,  8.9077e-03,  7.7829e-03, -3.1901e-03,  3.3112e-03,
         5.7227e-03, -1.4900e-02, -1.3428e-02, -8.9802e-03, -8.7986e-03,
         1.1393e-02,  1.5611e-02,  1.7729e-02, -1.9255e-02,  6.5180e-03,
        -8.0863e-03, -6.3659e-03, -6.4556e-03, -1.1503e-02, -1.4259e-02,
        -1.9170e-02, -1.4813e-02, -1.0830e-02, -1.8345e-02,  1.6795e-02,
         3.2818e-03,  1.3268e-02, -2.4670e-03, -8.1067e-03, -9.0474e-03,
         9.3205e-05, -1.6937e-02,  2.0634e-02, -1.8066e-02, -1.9410e-02,
         1.5579e-02, -1.2103e-02,  8.7932e-03, -3.6740e-03, -8.3258e-03,
        -6.0065e-03, -1.3290e-02, -1.7025e-03,  1.9040e-02, -1.4084e-02,
         2.7111e-03, -7.4263e-03,  6.6130e-03, -7.6101e-03,  1.4413e-02,
         1.0491e-03,  1.7932e-02, -1.0615e-02, -1.3078e-02, -1.9732e-02,
        -1.0726e-02,  4.7364e-03, -1.7036e-02, -1.9331e-02, -7.3731e-03,
        -9.9421e-03,  1.5895e-02, -2.0036e-02,  1.9911e-02,  1.3281e-02,
         1.9305e-02,  1.4022e-02, -2.3182e-03,  1.5644e-02,  1.7349e-02,
        -8.7735e-03,  7.9452e-03, -2.0338e-02,  7.2414e-04, -1.6862e-02,
         1.9594e-02, -2.4636e-03,  1.2976e-02, -2.9395e-03, -4.2935e-03,
        -4.0276e-03, -1.6534e-02, -6.7661e-03,  3.9878e-03,  2.0285e-02,
        -1.2944e-02, -5.8550e-03, -1.8927e-04,  1.2480e-02, -9.0078e-03,
         1.9568e-02, -4.6188e-03,  1.5462e-03,  3.5142e-03,  6.6118e-04,
         6.2444e-03, -2.7497e-03], device='cuda:0', requires_grad=True)